# Interpolated detection efficiency curve of a SuperX (Thermo Fisher)
# windowless silicon drift detector, energies in keV.
#
# Source: ASTORUM (Analytical STEM Out-of-core Resource for Unified
# Multimodal Data), https://github.com/sebastian-cozma/ASTORUM
# (databases/interpolated_SDD_efficiency.txt), GPLv3.
0.2 0.552975
0.209952 0.579618
0.219905 0.604212
0.229857 0.626855
0.23981 0.648581
0.249762 0.668185
0.259715 0.686634
0.269667 0.707635
0.27962 0.72299
0.289572 0.740189
0.299525 0.754324
0.309477 0.767987
0.31943 0.780933
0.329382 0.792784
0.339335 0.804039
0.349287 0.814657
0.35924 0.824632
0.369192 0.834016
0.379145 0.842799
0.389097 0.851005
0.39905 0.858688
0.409002 0.865914
0.418955 0.872738
0.428907 0.879137
0.43886 0.885074
0.448812 0.890572
0.458765 0.895694
0.468717 0.900447
0.47867 0.90473
0.488622 0.90843
0.498575 0.911698
0.508527 0.91508
0.51848 0.919133
0.528432 0.922995
0.538385 0.923563
0.548337 0.917556
0.55829 0.905484
0.568242 0.895311
0.578195 0.890177
0.588147 0.889848
0.5981 0.893041
0.608052 0.898056
0.618005 0.903195
0.627957 0.907212
0.637909 0.910253
0.647862 0.91273
0.657814 0.915055
0.667767 0.917485
0.677719 0.919975
0.687672 0.922445
0.697624 0.924816
0.707577 0.927035
0.717529 0.929114
0.727482 0.931077
0.737434 0.932947
0.747387 0.934745
0.757339 0.936477
0.767292 0.938143
0.777244 0.939744
0.787197 0.941282
0.797149 0.942755
0.807102 0.944169
0.817054 0.945525
0.827007 0.946826
0.836959 0.948077
0.846912 0.949278
0.856864 0.950433
0.866817 0.951541
0.876769 0.952606
0.886722 0.953628
0.896674 0.954609
0.906627 0.955555
0.916579 0.956467
0.926532 0.957351
0.936484 0.958211
0.946437 0.95905
0.956389 0.959868
0.966342 0.960663
0.976294 0.96143
0.986247 0.962167
0.996199 0.962871
1.00615 0.963539
1.0161 0.964173
1.02606 0.964777
1.03601 0.965355
1.04596 0.965912
1.05591 0.96645
1.06587 0.966975
1.07582 0.967486
1.08577 0.967983
1.09572 0.968463
1.10568 0.968924
1.11563 0.969366
1.12558 0.969786
1.13553 0.970183
1.14549 0.970559
1.15544 0.970918
1.16539 0.971263
1.17534 0.971597
1.1853 0.971924
1.19525 0.972246
1.2052 0.972566
1.21515 0.97288
1.22511 0.973182
1.23506 0.973466
1.24501 0.973728
1.25496 0.973961
1.26492 0.974159
1.27487 0.974319
1.28482 0.974445
1.29477 0.974556
1.30473 0.97467
1.31468 0.974806
1.32463 0.974982
1.33458 0.975216
1.34454 0.975528
1.35449 0.975933
1.36444 0.976404
1.37439 0.976881
1.38435 0.977302
1.3943 0.977606
1.40425 0.97773
1.4142 0.977614
1.42416 0.977196
1.43411 0.976415
1.44406 0.975282
1.45401 0.973983
1.46397 0.972728
1.47392 0.971729
1.48387 0.971195
1.49382 0.971336
1.50378 0.972364
1.51373 0.974487
1.52368 0.977914
1.53363 0.982515
1.54359 0.987521
1.55354 0.992096
1.56349 0.9954
1.57344 0.996598
1.5834 0.99485
1.59335 0.989319
1.6033 0.979167
1.61325 0.964016
1.62321 0.948741
1.63316 0.941559
1.64311 0.950004
1.65306 0.962447
1.66302 0.970761
1.67297 0.975488
1.68292 0.977167
1.69287 0.97634
1.70283 0.973547
1.71278 0.969328
1.72273 0.964225
1.73268 0.958778
1.74264 0.953528
1.75259 0.949015
1.76254 0.945692
1.77249 0.943553
1.78245 0.942445
1.7924 0.942213
1.80235 0.942706
1.8123 0.943769
1.82226 0.945249
1.83221 0.946993
1.84216 0.948847
1.85211 0.950658
1.86207 0.952273
1.87202 0.953569
1.88197 0.954552
1.89192 0.955259
1.90188 0.955728
1.91183 0.955997
1.92178 0.956104
1.93173 0.956085
1.94169 0.95598
1.95164 0.955825
1.96159 0.955659
1.97154 0.955519
1.9815 0.955442
1.99145 0.955446
2.0014 0.955524
2.01135 0.955667
2.02131 0.955866
2.03126 0.956111
2.04121 0.956393
2.05116 0.956704
2.06112 0.957035
2.07107 0.957375
2.08102 0.957717
2.09097 0.958051
2.10093 0.958367
2.11088 0.95866
2.12083 0.95893
2.13078 0.959178
2.14074 0.959408
2.15069 0.959621
2.16064 0.95982
2.17059 0.960006
2.18055 0.960182
2.1905 0.96035
2.20045 0.960512
2.2104 0.96067
2.22036 0.960826
2.23031 0.960983
2.24026 0.961142
2.25021 0.961304
2.26017 0.961467
2.27012 0.961632
2.28007 0.961798
2.29002 0.961964
2.29997 0.962131
2.30993 0.962298
2.31988 0.962465
2.32983 0.962631
2.33978 0.962796
2.34974 0.96296
2.35969 0.963121
2.36964 0.963281
2.37959 0.963438
2.38955 0.963593
2.3995 0.963745
2.40945 0.963895
2.4194 0.964042
2.42936 0.964188
2.43931 0.964331
2.44926 0.964473
2.45921 0.964612
2.46917 0.964749
2.47912 0.964885
2.48907 0.965019
2.49902 0.965151
2.50898 0.965281
2.51893 0.96541
2.52888 0.965537
2.53883 0.965663
2.54879 0.965787
2.55874 0.96591
2.56869 0.966032
2.57864 0.966152
2.5886 0.966272
2.59855 0.96639
2.6085 0.966507
2.61845 0.966623
2.62841 0.966738
2.63836 0.966852
2.64831 0.966965
2.65826 0.967078
2.66822 0.96719
2.67817 0.967301
2.68812 0.967411
2.69807 0.967521
2.70803 0.96763
2.71798 0.967738
2.72793 0.967846
2.73788 0.967953
2.74784 0.968058
2.75779 0.968163
2.76774 0.968268
2.77769 0.968371
2.78765 0.968473
2.7976 0.968574
2.80755 0.968675
2.8175 0.968774
2.82746 0.968872
2.83741 0.96897
2.84736 0.969066
2.85731 0.969161
2.86727 0.969255
2.87722 0.969348
2.88717 0.96944
2.89712 0.969531
2.90708 0.969621
2.91703 0.969711
2.92698 0.969799
2.93693 0.969886
2.94689 0.969973
2.95684 0.970059
2.96679 0.970143
2.97674 0.970227
2.9867 0.970311
2.99665 0.970393
3.0066 0.970475
3.01655 0.970556
3.02651 0.970636
3.03646 0.970716
3.04641 0.970795
3.05636 0.970873
3.06632 0.97095
3.07627 0.971026
3.08622 0.971102
3.09617 0.971177
3.10613 0.971251
3.11608 0.971325
3.12603 0.971397
3.13598 0.971469
3.14594 0.971539
3.15589 0.971609
3.16584 0.971678
3.17579 0.971747
3.18575 0.971814
3.1957 0.97188
3.20565 0.971946
3.2156 0.97201
3.22556 0.972074
3.23551 0.972136
3.24546 0.972198
3.25541 0.972259
3.26537 0.972319
3.27532 0.972378
3.28527 0.972437
3.29522 0.972495
3.30518 0.972551
3.31513 0.972608
3.32508 0.972663
3.33503 0.972717
3.34499 0.972771
3.35494 0.972824
3.36489 0.972877
3.37484 0.972929
3.3848 0.97298
3.39475 0.97303
3.4047 0.97308
3.41465 0.973129
3.42461 0.973177
3.43456 0.973225
3.44451 0.973273
3.45446 0.97332
3.46442 0.973366
3.47437 0.973412
3.48432 0.973458
3.49427 0.973503
3.50423 0.973548
3.51418 0.973593
3.52413 0.973637
3.53408 0.973681
3.54404 0.973725
3.55399 0.973768
3.56394 0.973812
3.57389 0.973855
3.58385 0.973899
3.5938 0.973942
3.60375 0.973985
3.6137 0.974028
3.62366 0.974072
3.63361 0.974115
3.64356 0.974158
3.65351 0.974201
3.66347 0.974244
3.67342 0.974286
3.68337 0.974329
3.69332 0.974371
3.70328 0.974412
3.71323 0.974454
3.72318 0.974495
3.73313 0.974535
3.74309 0.974575
3.75304 0.974615
3.76299 0.974654
3.77294 0.974692
3.7829 0.97473
3.79285 0.974767
3.8028 0.974803
3.81275 0.974839
3.82271 0.974874
3.83266 0.974907
3.84261 0.974941
3.85256 0.974973
3.86252 0.975004
3.87247 0.975035
3.88242 0.975065
3.89237 0.975094
3.90233 0.975123
3.91228 0.975151
3.92223 0.975179
3.93218 0.975207
3.94214 0.975234
3.95209 0.97526
3.96204 0.975286
3.97199 0.975313
3.98195 0.975338
3.9919 0.975364
4.00185 0.97539
4.0118 0.975415
4.02176 0.975441
4.03171 0.975467
4.04166 0.975492
4.05161 0.975518
4.06157 0.975544
4.07152 0.975571
4.08147 0.975597
4.09142 0.975624
4.10138 0.975651
4.11133 0.975678
4.12128 0.975706
4.13123 0.975733
4.14119 0.975761
4.15114 0.975788
4.16109 0.975816
4.17104 0.975843
4.181 0.97587
4.19095 0.975897
4.2009 0.975924
4.21085 0.975951
4.22081 0.975978
4.23076 0.976004
4.24071 0.97603
4.25066 0.976056
4.26062 0.976081
4.27057 0.976106
4.28052 0.97613
4.29047 0.976154
4.30043 0.976177
4.31038 0.9762
4.32033 0.976222
4.33028 0.976244
4.34024 0.976265
4.35019 0.976285
4.36014 0.976305
4.37009 0.976324
4.38005 0.976342
4.39 0.976361
4.39995 0.976378
4.4099 0.976395
4.41985 0.976412
4.42981 0.976428
4.43976 0.976444
4.44971 0.976459
4.45966 0.976474
4.46962 0.976489
4.47957 0.976503
4.48952 0.976517
4.49947 0.976531
4.50943 0.976544
4.51938 0.976557
4.52933 0.97657
4.53928 0.976583
4.54924 0.976596
4.55919 0.976608
4.56914 0.976621
4.57909 0.976633
4.58905 0.976645
4.599 0.976657
4.60895 0.976669
4.6189 0.976681
4.62886 0.976693
4.63881 0.976704
4.64876 0.976716
4.65871 0.976727
4.66867 0.976738
4.67862 0.976749
4.68857 0.976759
4.69852 0.97677
4.70848 0.97678
4.71843 0.976789
4.72838 0.976799
4.73833 0.976808
4.74829 0.976816
4.75824 0.976825
4.76819 0.976833
4.77814 0.97684
4.7881 0.976847
4.79805 0.976854
4.808 0.97686
4.81795 0.976865
4.82791 0.97687
4.83786 0.976875
4.84781 0.976879
4.85776 0.976882
4.86772 0.976885
4.87767 0.976887
4.88762 0.976888
4.89757 0.976889
4.90753 0.976889
4.91748 0.976889
4.92743 0.976889
4.93738 0.976888
4.94734 0.976887
4.95729 0.976885
4.96724 0.976883
4.97719 0.976881
4.98715 0.976879
4.9971 0.976877
5.00705 0.976875
5.017 0.976873
5.02696 0.976871
5.03691 0.976869
5.04686 0.976868
5.05681 0.976866
5.06677 0.976865
5.07672 0.976864
5.08667 0.976864
5.09662 0.976864
5.10658 0.976864
5.11653 0.976866
5.12648 0.976867
5.13643 0.976869
5.14639 0.976872
5.15634 0.976876
5.16629 0.976881
5.17624 0.976886
5.1862 0.976892
5.19615 0.976899
5.2061 0.976907
5.21605 0.976916
5.22601 0.976925
5.23596 0.976935
5.24591 0.976946
5.25586 0.976957
5.26582 0.976969
5.27577 0.976981
5.28572 0.976994
5.29567 0.977007
5.30563 0.977021
5.31558 0.977035
5.32553 0.97705
5.33548 0.977064
5.34544 0.977079
5.35539 0.977094
5.36534 0.977109
5.37529 0.977125
5.38525 0.97714
5.3952 0.977156
5.40515 0.977171
5.4151 0.977186
5.42506 0.977202
5.43501 0.977217
5.44496 0.977232
5.45491 0.977247
5.46487 0.977261
5.47482 0.977275
5.48477 0.977289
5.49472 0.977303
5.50468 0.977316
5.51463 0.977328
5.52458 0.97734
5.53453 0.977352
5.54449 0.977364
5.55444 0.977375
5.56439 0.977385
5.57434 0.977395
5.5843 0.977405
5.59425 0.977415
5.6042 0.977424
5.61415 0.977432
5.62411 0.977441
5.63406 0.977449
5.64401 0.977456
5.65396 0.977463
5.66392 0.97747
5.67387 0.977477
5.68382 0.977483
5.69377 0.977489
5.70373 0.977495
5.71368 0.977501
5.72363 0.977506
5.73358 0.977511
5.74354 0.977515
5.75349 0.977519
5.76344 0.977524
5.77339 0.977527
5.78335 0.977531
5.7933 0.977534
5.80325 0.977537
5.8132 0.97754
5.82316 0.977543
5.83311 0.977545
5.84306 0.977547
5.85301 0.977549
5.86297 0.977551
5.87292 0.977553
5.88287 0.977554
5.89282 0.977555
5.90278 0.977556
5.91273 0.977557
5.92268 0.977558
5.93263 0.977558
5.94259 0.977559
5.95254 0.977559
5.96249 0.977559
5.97244 0.97756
5.9824 0.97756
5.99235 0.977559
6.0023 0.977559
6.01225 0.977559
6.02221 0.977559
6.03216 0.977558
6.04211 0.977558
6.05206 0.977557
6.06202 0.977556
6.07197 0.977556
6.08192 0.977555
6.09187 0.977554
6.10183 0.977553
6.11178 0.977553
6.12173 0.977552
6.13168 0.977551
6.14164 0.97755
6.15159 0.97755
6.16154 0.977549
6.17149 0.977548
6.18145 0.977547
6.1914 0.977547
6.20135 0.977546
6.2113 0.977545
6.22126 0.977545
6.23121 0.977545
6.24116 0.977544
6.25111 0.977544
6.26107 0.977543
6.27102 0.977543
6.28097 0.977543
6.29092 0.977543
6.30088 0.977543
6.31083 0.977542
6.32078 0.977542
6.33073 0.977542
6.34069 0.977542
6.35064 0.977542
6.36059 0.977542
6.37054 0.977542
6.3805 0.977542
6.39045 0.977543
6.4004 0.977543
6.41035 0.977543
6.42031 0.977543
6.43026 0.977543
6.44021 0.977543
6.45016 0.977543
6.46012 0.977544
6.47007 0.977544
6.48002 0.977544
6.48997 0.977544
6.49992 0.977545
6.50988 0.977545
6.51983 0.977545
6.52978 0.977545
6.53973 0.977545
6.54969 0.977546
6.55964 0.977546
6.56959 0.977546
6.57954 0.977546
6.5895 0.977546
6.59945 0.977546
6.6094 0.977546
6.61935 0.977547
6.62931 0.977547
6.63926 0.977547
6.64921 0.977547
6.65916 0.977547
6.66912 0.977547
6.67907 0.977547
6.68902 0.977547
6.69897 0.977547
6.70893 0.977547
6.71888 0.977547
6.72883 0.977547
6.73878 0.977547
6.74874 0.977547
6.75869 0.977547
6.76864 0.977547
6.77859 0.977547
6.78855 0.977547
6.7985 0.977547
6.80845 0.977547
6.8184 0.977547
6.82836 0.977546
6.83831 0.977546
6.84826 0.977546
6.85821 0.977546
6.86817 0.977546
6.87812 0.977546
6.88807 0.977546
6.89802 0.977546
6.90798 0.977546
6.91793 0.977546
6.92788 0.977546
6.93783 0.977546
6.94779 0.977546
6.95774 0.977546
6.96769 0.977546
6.97764 0.977546
6.9876 0.977546
6.99755 0.977546
7.0075 0.977546
7.01745 0.977546
7.02741 0.977546
7.03736 0.977546
7.04731 0.977546
7.05726 0.977547
7.06722 0.977547
7.07717 0.977547
7.08712 0.977547
7.09707 0.977547
7.10703 0.977547
7.11698 0.977547
7.12693 0.977547
7.13688 0.977547
7.14684 0.977547
7.15679 0.977548
7.16674 0.977548
7.17669 0.977548
7.18665 0.977548
7.1966 0.977548
7.20655 0.977548
7.2165 0.977548
7.22646 0.977548
7.23641 0.977548
7.24636 0.977548
7.25631 0.977548
7.26627 0.977548
7.27622 0.977548
7.28617 0.977548
7.29612 0.977548
7.30608 0.977548
7.31603 0.977548
7.32598 0.977548
7.33593 0.977548
7.34589 0.977548
7.35584 0.977548
7.36579 0.977547
7.37574 0.977547
7.3857 0.977547
7.39565 0.977547
7.4056 0.977547
7.41555 0.977546
7.42551 0.977546
7.43546 0.977546
7.44541 0.977545
7.45536 0.977545
7.46532 0.977545
7.47527 0.977544
7.48522 0.977544
7.49517 0.977544
7.50513 0.977543
7.51508 0.977543
7.52503 0.977542
7.53498 0.977542
7.54494 0.977541
7.55489 0.977541
7.56484 0.977541
7.57479 0.97754
7.58475 0.97754
7.5947 0.977539
7.60465 0.977539
7.6146 0.977539
7.62456 0.977538
7.63451 0.977538
7.64446 0.977538
7.65441 0.977537
7.66437 0.977537
7.67432 0.977537
7.68427 0.977537
7.69422 0.977537
7.70418 0.977537
7.71413 0.977537
7.72408 0.977537
7.73403 0.977537
7.74399 0.977537
7.75394 0.977537
7.76389 0.977537
7.77384 0.977538
7.7838 0.977538
7.79375 0.977539
7.8037 0.977539
7.81365 0.97754
7.82361 0.97754
7.83356 0.977541
7.84351 0.977542
7.85346 0.977543
7.86342 0.977544
7.87337 0.977545
7.88332 0.977546
7.89327 0.977547
7.90323 0.977548
7.91318 0.97755
7.92313 0.977551
7.93308 0.977553
7.94304 0.977554
7.95299 0.977556
7.96294 0.977557
7.97289 0.977559
7.98285 0.97756
7.9928 0.977562
8.00275 0.977563
8.0127 0.977565
8.02266 0.977566
8.03261 0.977567
8.04256 0.977569
8.05251 0.97757
8.06247 0.977571
8.07242 0.977572
8.08237 0.977573
8.09232 0.977573
8.10228 0.977574
8.11223 0.977574
8.12218 0.977574
8.13213 0.977574
8.14209 0.977574
8.15204 0.977574
8.16199 0.977573
8.17194 0.977572
8.1819 0.977571
8.19185 0.97757
8.2018 0.977568
8.21175 0.977567
8.22171 0.977564
8.23166 0.977562
8.24161 0.977559
8.25156 0.977556
8.26152 0.977553
8.27147 0.977549
8.28142 0.977545
8.29137 0.97754
8.30133 0.977535
8.31128 0.97753
8.32123 0.977524
8.33118 0.977518
8.34114 0.977512
8.35109 0.977505
8.36104 0.977497
8.37099 0.977489
8.38095 0.977481
8.3909 0.977472
8.40085 0.977463
8.4108 0.977453
8.42076 0.977443
8.43071 0.977433
8.44066 0.977421
8.45061 0.97741
8.46057 0.977398
8.47052 0.977386
8.48047 0.977373
8.49042 0.97736
8.50038 0.977346
8.51033 0.977332
8.52028 0.977318
8.53023 0.977304
8.54019 0.977289
8.55014 0.977273
8.56009 0.977258
8.57004 0.977242
8.57999 0.977225
8.58995 0.977209
8.5999 0.977192
8.60985 0.977174
8.6198 0.977157
8.62976 0.977139
8.63971 0.977121
8.64966 0.977102
8.65961 0.977084
8.66957 0.977065
8.67952 0.977046
8.68947 0.977026
8.69942 0.977007
8.70938 0.976987
8.71933 0.976967
8.72928 0.976946
8.73923 0.976926
8.74919 0.976905
8.75914 0.976884
8.76909 0.976863
8.77904 0.976842
8.789 0.97682
8.79895 0.976799
8.8089 0.976777
8.81885 0.976755
8.82881 0.976733
8.83876 0.976711
8.84871 0.976689
8.85866 0.976667
8.86862 0.976644
8.87857 0.976622
8.88852 0.976599
8.89847 0.976576
8.90843 0.976554
8.91838 0.976531
8.92833 0.976508
8.93828 0.976485
8.94824 0.976461
8.95819 0.976438
8.96814 0.976414
8.97809 0.97639
8.98805 0.976366
8.998 0.976342
9.00795 0.976318
9.0179 0.976293
9.02786 0.976268
9.03781 0.976243
9.04776 0.976217
9.05771 0.976192
9.06767 0.976166
9.07762 0.976139
9.08757 0.976112
9.09752 0.976085
9.10748 0.976057
9.11743 0.976029
9.12738 0.976001
9.13733 0.975972
9.14729 0.975943
9.15724 0.975913
9.16719 0.975883
9.17714 0.975852
9.1871 0.975821
9.19705 0.97579
9.207 0.975757
9.21695 0.975724
9.22691 0.975691
9.23686 0.975657
9.24681 0.975623
9.25676 0.975588
9.26672 0.975552
9.27667 0.975515
9.28662 0.975478
9.29657 0.975441
9.30653 0.975402
9.31648 0.975363
9.32643 0.975323
9.33638 0.975283
9.34634 0.975241
9.35629 0.975199
9.36624 0.975157
9.37619 0.975113
9.38615 0.975069
9.3961 0.975023
9.40605 0.974977
9.416 0.97493
9.42596 0.974882
9.43591 0.974834
9.44586 0.974784
9.45581 0.974734
9.46577 0.974682
9.47572 0.97463
9.48567 0.974577
9.49562 0.974523
9.50558 0.974468
9.51553 0.974412
9.52548 0.974355
9.53543 0.974297
9.54539 0.974238
9.55534 0.974179
9.56529 0.974118
9.57524 0.974057
9.5852 0.973994
9.59515 0.973931
9.6051 0.973866
9.61505 0.973801
9.62501 0.973735
9.63496 0.973668
9.64491 0.9736
9.65486 0.973531
9.66482 0.973461
9.67477 0.97339
9.68472 0.973319
9.69467 0.973246
9.70463 0.973172
9.71458 0.973098
9.72453 0.973022
9.73448 0.972946
9.74444 0.972868
9.75439 0.97279
9.76434 0.97271
9.77429 0.97263
9.78425 0.972549
9.7942 0.972467
9.80415 0.972383
9.8141 0.972299
9.82406 0.972214
9.83401 0.972128
9.84396 0.972041
9.85391 0.971953
9.86387 0.971864
9.87382 0.971774
9.88377 0.971684
9.89372 0.971592
9.90368 0.971499
9.91363 0.971405
9.92358 0.97131
9.93353 0.971215
9.94349 0.971118
9.95344 0.97102
9.96339 0.970922
9.97334 0.970822
9.9833 0.970722
9.99325 0.97062
10.0032 0.970517
10.0132 0.970414
10.0231 0.970309
10.0331 0.970204
10.043 0.970097
10.053 0.96999
10.0629 0.969881
10.0729 0.96977
10.0828 0.969658
10.0928 0.969545
10.1027 0.969429
10.1127 0.969312
10.1226 0.969192
10.1326 0.96907
10.1425 0.968946
10.1525 0.968819
10.1624 0.96869
10.1724 0.968557
10.1823 0.968422
10.1923 0.968284
10.2023 0.968143
10.2122 0.967998
10.2222 0.967849
10.2321 0.967697
10.2421 0.967542
10.252 0.967382
10.262 0.967218
10.2719 0.967051
10.2819 0.966878
10.2918 0.966702
10.3018 0.966521
10.3117 0.966335
10.3217 0.966144
10.3316 0.965948
10.3416 0.965747
10.3515 0.965541
10.3615 0.96533
10.3714 0.965112
10.3814 0.964889
10.3913 0.964661
10.4013 0.964426
10.4113 0.964185
10.4212 0.963938
10.4312 0.963685
10.4411 0.963425
10.4511 0.963159
10.461 0.962885
10.471 0.962605
10.4809 0.962318
10.4909 0.962023
10.5008 0.961721
10.5108 0.961412
10.5207 0.961095
10.5307 0.96077
10.5406 0.960438
10.5506 0.960097
10.5605 0.959748
10.5705 0.959391
10.5804 0.959026
10.5904 0.958652
10.6004 0.958271
10.6103 0.957882
10.6203 0.957486
10.6302 0.957082
10.6402 0.956672
10.6501 0.956254
10.6601 0.95583
10.67 0.9554
10.68 0.954964
10.6899 0.954521
10.6999 0.954073
10.7098 0.953619
10.7198 0.95316
10.7297 0.952696
10.7397 0.952227
10.7496 0.951753
10.7596 0.951275
10.7695 0.950793
10.7795 0.950307
10.7894 0.949816
10.7994 0.949322
10.8094 0.948825
10.8193 0.948325
10.8293 0.947821
10.8392 0.947315
10.8492 0.946806
10.8591 0.946295
10.8691 0.945782
10.879 0.945267
10.889 0.94475
10.8989 0.944231
10.9089 0.943712
10.9188 0.943191
10.9288 0.942669
10.9387 0.942147
10.9487 0.941624
10.9586 0.941101
10.9686 0.940579
10.9785 0.940056
10.9885 0.939532
10.9984 0.939009
11.0084 0.938486
11.0184 0.937963
11.0283 0.93744
11.0383 0.936917
11.0482 0.936394
11.0582 0.93587
11.0681 0.935347
11.0781 0.934824
11.088 0.934301
11.098 0.933777
11.1079 0.933254
11.1179 0.93273
11.1278 0.932207
11.1378 0.931684
11.1477 0.93116
11.1577 0.930637
11.1676 0.930113
11.1776 0.929589
11.1875 0.929066
11.1975 0.928542
11.2075 0.928019
11.2174 0.927495
11.2274 0.926971
11.2373 0.926447
11.2473 0.925923
11.2572 0.9254
11.2672 0.924876
11.2771 0.924352
11.2871 0.923828
11.297 0.923304
11.307 0.92278
11.3169 0.922255
11.3269 0.92173
11.3368 0.921204
11.3468 0.920678
11.3567 0.920151
11.3667 0.919623
11.3766 0.919094
11.3866 0.918563
11.3965 0.918032
11.4065 0.917499
11.4165 0.916964
11.4264 0.916428
11.4364 0.91589
11.4463 0.91535
11.4563 0.914808
11.4662 0.914263
11.4762 0.913717
11.4861 0.913168
11.4961 0.912616
11.506 0.912062
11.516 0.911505
11.5259 0.910946
11.5359 0.910383
11.5458 0.909817
11.5558 0.909248
11.5657 0.908675
11.5757 0.908099
11.5856 0.90752
11.5956 0.906937
11.6056 0.906352
11.6155 0.905763
11.6255 0.905172
11.6354 0.904578
11.6454 0.903981
11.6553 0.903383
11.6653 0.902781
11.6752 0.902178
11.6852 0.901573
11.6951 0.900966
11.7051 0.900357
11.715 0.899746
11.725 0.899134
11.7349 0.89852
11.7449 0.897906
11.7548 0.89729
11.7648 0.896673
11.7747 0.896055
11.7847 0.895437
11.7946 0.894818
11.8046 0.894199
11.8146 0.893579
11.8245 0.892959
11.8345 0.892339
11.8444 0.891719
11.8544 0.891098
11.8643 0.890477
11.8743 0.889855
11.8842 0.889233
11.8942 0.88861
11.9041 0.887986
11.9141 0.887361
11.924 0.886735
11.934 0.886109
11.9439 0.885481
11.9539 0.884852
11.9638 0.884221
11.9738 0.88359
11.9837 0.882956
11.9937 0.882322
12.0037 0.881685
12.0136 0.881047
12.0236 0.880407
12.0335 0.879765
12.0435 0.879121
12.0534 0.878475
12.0634 0.877827
12.0733 0.877176
12.0833 0.876524
12.0932 0.875869
12.1032 0.875211
12.1131 0.874552
12.1231 0.87389
12.133 0.873227
12.143 0.872562
12.1529 0.871896
12.1629 0.871228
12.1728 0.870559
12.1828 0.869889
12.1927 0.869218
12.2027 0.868546
12.2127 0.867874
12.2226 0.867201
12.2326 0.866528
12.2425 0.865854
12.2525 0.86518
12.2624 0.864507
12.2724 0.863833
12.2823 0.86316
12.2923 0.862487
12.3022 0.861815
12.3122 0.861144
12.3221 0.860473
12.3321 0.859804
12.342 0.859135
12.352 0.858466
12.3619 0.857799
12.3719 0.857132
12.3818 0.856465
12.3918 0.855799
12.4018 0.855133
12.4117 0.854468
12.4217 0.853802
12.4316 0.853137
12.4416 0.852472
12.4515 0.851806
12.4615 0.851141
12.4714 0.850475
12.4814 0.849809
12.4913 0.849143
12.5013 0.848476
12.5112 0.847809
12.5212 0.847141
12.5311 0.846473
12.5411 0.845804
12.551 0.845134
12.561 0.844464
12.5709 0.843793
12.5809 0.843122
12.5908 0.842451
12.6008 0.841779
12.6108 0.841107
12.6207 0.840435
12.6307 0.839762
12.6406 0.83909
12.6506 0.838417
12.6605 0.837744
12.6705 0.837071
12.6804 0.836397
12.6904 0.835724
12.7003 0.835051
12.7103 0.834378
12.7202 0.833705
12.7302 0.833032
12.7401 0.83236
12.7501 0.831687
12.76 0.831015
12.77 0.830343
12.7799 0.82967
12.7899 0.828999
12.7998 0.828327
12.8098 0.827655
12.8198 0.826984
12.8297 0.826313
12.8397 0.825641
12.8496 0.82497
12.8596 0.8243
12.8695 0.823629
12.8795 0.822958
12.8894 0.822288
12.8994 0.821618
12.9093 0.820947
12.9193 0.820277
12.9292 0.819608
12.9392 0.818938
12.9491 0.818268
12.9591 0.817599
12.969 0.816929
12.979 0.81626
12.9889 0.81559
12.9989 0.814921
13.0089 0.814251
13.0188 0.813582
13.0288 0.812912
13.0387 0.812242
13.0487 0.811572
13.0586 0.810902
13.0686 0.810232
13.0785 0.809561
13.0885 0.80889
13.0984 0.808219
13.1084 0.807547
13.1183 0.806875
13.1283 0.806202
13.1382 0.805529
13.1482 0.804856
13.1581 0.804182
13.1681 0.803508
13.178 0.802833
13.188 0.802158
13.1979 0.801483
13.2079 0.800807
13.2179 0.800132
13.2278 0.799456
13.2378 0.79878
13.2477 0.798104
13.2577 0.797428
13.2676 0.796752
13.2776 0.796077
13.2875 0.795401
13.2975 0.794726
13.3074 0.794051
13.3174 0.793377
13.3273 0.792703
13.3373 0.792029
13.3472 0.791356
13.3572 0.790684
13.3671 0.790012
13.3771 0.789341
13.387 0.78867
13.397 0.788001
13.407 0.787332
13.4169 0.786663
13.4269 0.785996
13.4368 0.785329
13.4468 0.784662
13.4567 0.783997
13.4667 0.783332
13.4766 0.782668
13.4866 0.782004
13.4965 0.781342
13.5065 0.78068
13.5164 0.780018
13.5264 0.779358
13.5363 0.778698
13.5463 0.778038
13.5562 0.77738
13.5662 0.776722
13.5761 0.776065
13.5861 0.775409
13.596 0.774753
13.606 0.774098
13.616 0.773444
13.6259 0.772791
13.6359 0.772138
13.6458 0.771486
13.6558 0.770834
13.6657 0.770184
13.6757 0.769534
13.6856 0.768884
13.6956 0.768236
13.7055 0.767588
13.7155 0.76694
13.7254 0.766294
13.7354 0.765648
13.7453 0.765003
13.7553 0.764358
13.7652 0.763714
13.7752 0.763071
13.7851 0.762428
13.7951 0.761786
13.8051 0.761145
13.815 0.760504
13.825 0.759864
13.8349 0.759224
13.8449 0.758585
13.8548 0.757946
13.8648 0.757307
13.8747 0.756669
13.8847 0.75603
13.8946 0.755391
13.9046 0.754752
13.9145 0.754113
13.9245 0.753473
13.9344 0.752833
13.9444 0.752192
13.9543 0.75155
13.9643 0.750908
13.9742 0.750264
13.9842 0.74962
13.9941 0.748974
14.0041 0.748327
14.0141 0.747679
14.024 0.747029
14.034 0.746378
14.0439 0.745725
14.0539 0.745071
14.0638 0.744415
14.0738 0.743758
14.0837 0.743099
14.0937 0.74244
14.1036 0.74178
14.1136 0.74112
14.1235 0.740459
14.1335 0.739799
14.1434 0.739138
14.1534 0.738478
14.1633 0.737818
14.1733 0.737159
14.1832 0.736501
14.1932 0.735843
14.2032 0.735188
14.2131 0.734533
14.2231 0.733881
14.233 0.73323
14.243 0.732581
14.2529 0.731934
14.2629 0.73129
14.2728 0.730649
14.2828 0.73001
14.2927 0.729374
14.3027 0.728741
14.3126 0.72811
14.3226 0.72748
14.3325 0.726853
14.3425 0.726227
14.3524 0.725602
14.3624 0.724978
14.3723 0.724356
14.3823 0.723734
14.3922 0.723112
14.4022 0.722491
14.4122 0.72187
14.4221 0.721249
14.4321 0.720627
14.442 0.720005
14.452 0.719383
14.4619 0.718759
14.4719 0.718134
14.4818 0.717507
14.4918 0.716879
14.5017 0.716249
14.5117 0.715617
14.5216 0.714983
14.5316 0.714347
14.5415 0.713709
14.5515 0.71307
14.5614 0.71243
14.5714 0.711788
14.5813 0.711145
14.5913 0.710502
14.6013 0.709858
14.6112 0.709214
14.6212 0.70857
14.6311 0.707926
14.6411 0.707283
14.651 0.70664
14.661 0.705998
14.6709 0.705356
14.6809 0.704716
14.6908 0.704077
14.7008 0.70344
14.7107 0.702805
14.7207 0.702171
14.7306 0.70154
14.7406 0.700911
14.7505 0.700285
14.7605 0.699661
14.7704 0.69904
14.7804 0.698421
14.7903 0.697805
14.8003 0.69719
14.8103 0.696578
14.8202 0.695966
14.8302 0.695357
14.8401 0.694748
14.8501 0.694141
14.86 0.693534
14.87 0.692928
14.8799 0.692322
14.8899 0.691717
14.8998 0.691112
14.9098 0.690506
14.9197 0.689901
14.9297 0.689294
14.9396 0.688687
14.9496 0.68808
14.9595 0.687471
14.9695 0.686861
14.9794 0.686249
14.9894 0.685636
14.9993 0.685021
15.0093 0.684404
15.0193 0.683786
15.0292 0.683166
15.0392 0.682545
15.0491 0.681922
15.0591 0.681299
15.069 0.680674
15.079 0.680049
15.0889 0.679424
15.0989 0.678798
15.1088 0.678171
15.1188 0.677545
15.1287 0.676918
15.1387 0.676292
15.1486 0.675666
15.1586 0.67504
15.1685 0.674415
15.1785 0.673791
15.1884 0.673168
15.1984 0.672545
15.2084 0.671924
15.2183 0.671305
15.2283 0.670686
15.2382 0.67007
15.2482 0.669455
15.2581 0.668842
15.2681 0.668231
15.278 0.667621
15.288 0.667013
15.2979 0.666406
15.3079 0.665801
15.3178 0.665197
15.3278 0.664595
15.3377 0.663994
15.3477 0.663393
15.3576 0.662794
15.3676 0.662196
15.3775 0.661599
15.3875 0.661003
15.3974 0.660408
15.4074 0.659813
15.4174 0.659219
15.4273 0.658626
15.4373 0.658033
15.4472 0.65744
15.4572 0.656848
15.4671 0.656256
15.4771 0.655665
15.487 0.655074
15.497 0.654483
15.5069 0.653892
15.5169 0.6533
15.5268 0.652709
15.5368 0.652118
15.5467 0.651527
15.5567 0.650936
15.5666 0.650344
15.5766 0.649753
15.5865 0.649161
15.5965 0.648569
15.6065 0.647976
15.6164 0.647383
15.6264 0.64679
15.6363 0.646197
15.6463 0.645603
15.6562 0.645008
15.6662 0.644414
15.6761 0.643818
15.6861 0.643222
15.696 0.642625
15.706 0.642028
15.7159 0.64143
15.7259 0.640832
15.7358 0.640232
15.7458 0.639632
15.7557 0.639031
15.7657 0.638429
15.7756 0.637827
15.7856 0.637224
15.7955 0.63662
15.8055 0.636017
15.8155 0.635412
15.8254 0.634808
15.8354 0.634204
15.8453 0.633599
15.8553 0.632995
15.8652 0.63239
15.8752 0.631786
15.8851 0.631182
15.8951 0.630579
15.905 0.629976
15.915 0.629374
15.9249 0.628773
15.9349 0.628172
15.9448 0.627572
15.9548 0.626973
15.9647 0.626375
15.9747 0.625779
15.9846 0.625183
15.9946 0.624589
16.0046 0.623997
16.0145 0.623406
16.0245 0.622816
16.0344 0.622228
16.0444 0.621641
16.0543 0.621056
16.0643 0.620472
16.0742 0.61989
16.0842 0.619309
16.0941 0.618729
16.1041 0.61815
16.114 0.617573
16.124 0.616997
16.1339 0.616422
16.1439 0.615848
16.1538 0.615275
16.1638 0.614703
16.1737 0.614132
16.1837 0.613562
16.1936 0.612992
16.2036 0.612424
16.2136 0.611857
16.2235 0.61129
16.2335 0.610724
16.2434 0.610159
16.2534 0.609594
16.2633 0.60903
16.2733 0.608467
16.2832 0.607904
16.2932 0.607342
16.3031 0.60678
16.3131 0.606219
16.323 0.605658
16.333 0.605097
16.3429 0.604537
16.3529 0.603977
16.3628 0.603417
16.3728 0.602857
16.3827 0.602297
16.3927 0.601737
16.4027 0.601177
16.4126 0.600617
16.4226 0.600057
16.4325 0.599497
16.4425 0.598936
16.4524 0.598376
16.4624 0.597814
16.4723 0.597253
16.4823 0.596691
16.4922 0.596129
16.5022 0.595566
16.5121 0.595002
16.5221 0.594438
16.532 0.593874
16.542 0.593308
16.5519 0.592742
16.5619 0.592175
16.5718 0.591607
16.5818 0.591039
16.5917 0.59047
16.6017 0.589901
16.6117 0.58933
16.6216 0.58876
16.6316 0.588188
16.6415 0.587617
16.6515 0.587045
16.6614 0.586472
16.6714 0.585899
16.6813 0.585326
16.6913 0.584752
16.7012 0.584178
16.7112 0.583604
16.7211 0.58303
16.7311 0.582456
16.741 0.581881
16.751 0.581306
16.7609 0.580731
16.7709 0.580157
16.7808 0.579582
16.7908 0.579007
16.8008 0.578432
16.8107 0.577857
16.8207 0.577283
16.8306 0.576708
16.8406 0.576134
16.8505 0.57556
16.8605 0.574986
16.8704 0.574413
16.8804 0.57384
16.8903 0.573267
16.9003 0.572695
16.9102 0.572124
16.9202 0.571553
16.9301 0.570982
16.9401 0.570412
16.95 0.569843
16.96 0.569275
16.9699 0.568707
16.9799 0.56814
16.9898 0.567574
16.9998 0.567009
17.0098 0.566445
17.0197 0.565882
17.0297 0.56532
17.0396 0.564759
17.0496 0.564199
17.0595 0.56364
17.0695 0.563083
17.0794 0.562526
17.0894 0.561971
17.0993 0.561418
17.1093 0.560865
17.1192 0.560314
17.1292 0.559764
17.1391 0.559216
17.1491 0.558669
17.159 0.558123
17.169 0.557578
17.1789 0.557034
17.1889 0.556491
17.1988 0.55595
17.2088 0.555409
17.2188 0.55487
17.2287 0.554331
17.2387 0.553794
17.2486 0.553257
17.2586 0.552721
17.2685 0.552186
17.2785 0.551652
17.2884 0.551119
17.2984 0.550587
17.3083 0.550055
17.3183 0.549524
17.3282 0.548994
17.3382 0.548464
17.3481 0.547935
17.3581 0.547406
17.368 0.546879
17.378 0.546351
17.3879 0.545824
17.3979 0.545298
17.4079 0.544772
17.4178 0.544247
17.4278 0.543721
17.4377 0.543196
17.4477 0.542672
17.4576 0.542147
17.4676 0.541623
17.4775 0.541099
17.4875 0.540574
17.4974 0.54005
17.5074 0.539526
17.5173 0.539002
17.5273 0.538478
17.5372 0.537953
17.5472 0.537429
17.5571 0.536904
17.5671 0.536379
17.577 0.535853
17.587 0.535327
17.5969 0.534801
17.6069 0.534274
17.6169 0.533747
17.6268 0.533219
17.6368 0.532691
17.6467 0.532162
17.6567 0.531633
17.6666 0.531102
17.6766 0.530571
17.6865 0.530039
17.6965 0.529507
17.7064 0.528974
17.7164 0.52844
17.7263 0.527906
17.7363 0.527372
17.7462 0.526836
17.7562 0.526301
17.7661 0.525765
17.7761 0.525229
17.786 0.524692
17.796 0.524155
17.806 0.523618
17.8159 0.52308
17.8259 0.522543
17.8358 0.522005
17.8458 0.521468
17.8557 0.52093
17.8657 0.520392
17.8756 0.519854
17.8856 0.519316
17.8955 0.518779
17.9055 0.518241
17.9154 0.517704
17.9254 0.517167
17.9353 0.51663
17.9453 0.516094
17.9552 0.515558
17.9652 0.515022
17.9751 0.514486
17.9851 0.513951
17.995 0.513417
18.005 0.512882
18.015 0.512348
18.0249 0.511815
18.0349 0.511282
18.0448 0.510749
18.0548 0.510216
18.0647 0.509684
18.0747 0.509152
18.0846 0.50862
18.0946 0.508089
18.1045 0.507558
18.1145 0.507027
18.1244 0.506497
18.1344 0.505967
18.1443 0.505437
18.1543 0.504908
18.1642 0.504379
18.1742 0.50385
18.1841 0.503321
18.1941 0.502793
18.2041 0.502265
18.214 0.501737
18.224 0.501209
18.2339 0.500682
18.2439 0.500155
18.2538 0.499628
18.2638 0.499102
18.2737 0.498575
18.2837 0.498049
18.2936 0.497524
18.3036 0.496998
18.3135 0.496473
18.3235 0.495948
18.3334 0.495423
18.3434 0.494899
18.3533 0.494374
18.3633 0.493851
18.3732 0.493327
18.3832 0.492804
18.3931 0.492281
18.4031 0.491758
18.4131 0.491236
18.423 0.490714
18.433 0.490192
18.4429 0.48967
18.4529 0.489149
18.4628 0.488628
18.4728 0.488108
18.4827 0.487588
18.4927 0.487068
18.5026 0.486549
18.5126 0.48603
18.5225 0.485511
18.5325 0.484993
18.5424 0.484475
18.5524 0.483957
18.5623 0.48344
18.5723 0.482923
18.5822 0.482407
18.5922 0.481891
18.6022 0.481376
18.6121 0.480861
18.6221 0.480346
18.632 0.479833
18.642 0.479319
18.6519 0.478807
18.6619 0.478295
18.6718 0.477784
18.6818 0.477274
18.6917 0.476764
18.7017 0.476255
18.7116 0.475747
18.7216 0.47524
18.7315 0.474733
18.7415 0.474228
18.7514 0.473723
18.7614 0.47322
18.7713 0.472717
18.7813 0.472216
18.7912 0.471715
18.8012 0.471216
18.8112 0.470718
18.8211 0.470221
18.8311 0.469725
18.841 0.46923
18.851 0.468737
18.8609 0.468244
18.8709 0.467753
18.8808 0.467264
18.8908 0.466775
18.9007 0.466288
18.9107 0.465801
18.9206 0.465316
18.9306 0.464832
18.9405 0.464348
18.9505 0.463866
18.9604 0.463384
18.9704 0.462903
18.9803 0.462422
18.9903 0.461942
19.0003 0.461463
19.0102 0.460984
19.0202 0.460505
19.0301 0.460027
19.0401 0.459549
19.05 0.459071
19.06 0.458594
19.0699 0.458117
19.0799 0.457639
19.0898 0.457162
19.0998 0.456684
19.1097 0.456207
19.1197 0.455729
19.1296 0.455251
19.1396 0.454772
19.1495 0.454294
19.1595 0.453814
19.1694 0.453335
19.1794 0.452854
19.1893 0.452374
19.1993 0.451892
19.2093 0.45141
19.2192 0.450928
19.2292 0.450445
19.2391 0.449961
19.2491 0.449477
19.259 0.448993
19.269 0.448508
19.2789 0.448023
19.2889 0.447537
19.2988 0.447051
19.3088 0.446564
19.3187 0.446077
19.3287 0.44559
19.3386 0.445102
19.3486 0.444615
19.3585 0.444126
19.3685 0.443638
19.3784 0.443149
19.3884 0.44266
19.3983 0.442171
19.4083 0.441681
19.4183 0.441192
19.4282 0.440702
19.4382 0.440212
19.4481 0.439722
19.4581 0.439231
19.468 0.438741
19.478 0.43825
19.4879 0.43776
19.4979 0.437269
19.5078 0.436778
19.5178 0.436287
19.5277 0.435796
19.5377 0.435305
19.5476 0.434815
19.5576 0.434324
19.5675 0.433833
19.5775 0.433342
19.5874 0.432851
19.5974 0.432361
19.6074 0.43187
19.6173 0.43138
19.6273 0.43089
19.6372 0.430399
19.6472 0.429909
19.6571 0.42942
19.6671 0.42893
19.677 0.428441
19.687 0.427951
19.6969 0.427462
19.7069 0.426974
19.7168 0.426485
19.7268 0.425997
19.7367 0.425509
19.7467 0.425021
19.7566 0.424534
19.7666 0.424047
19.7765 0.423561
19.7865 0.423074
19.7964 0.422589
19.8064 0.422103
19.8164 0.421618
19.8263 0.421134
19.8363 0.420649
19.8462 0.420166
19.8562 0.419682
19.8661 0.419199
19.8761 0.418716
19.886 0.418234
19.896 0.417752
19.9059 0.41727
19.9159 0.416788
19.9258 0.416307
19.9358 0.415826
19.9457 0.415345
19.9557 0.414864
19.9656 0.414383
19.9756 0.413903
19.9855 0.413423
19.9955 0.412942
20.0055 0.412462
20.0154 0.411982
20.0254 0.411502
20.0353 0.411022
20.0453 0.410542
20.0552 0.410062
20.0652 0.409582
20.0751 0.409102
20.0851 0.408622
20.095 0.408142
20.105 0.407662
20.1149 0.407182
20.1249 0.406701
20.1348 0.406221
20.1448 0.40574
20.1547 0.405259
20.1647 0.404778
20.1746 0.404297
20.1846 0.403816
20.1945 0.403335
20.2045 0.402854
20.2145 0.402374
20.2244 0.401893
20.2344 0.401413
20.2443 0.400933
20.2543 0.400454
20.2642 0.399975
20.2742 0.399496
20.2841 0.399019
20.2941 0.398541
20.304 0.398065
20.314 0.397589
20.3239 0.397114
20.3339 0.39664
20.3438 0.396166
20.3538 0.395694
20.3637 0.395222
20.3737 0.394752
20.3836 0.394283
20.3936 0.393815
20.4036 0.393348
20.4135 0.392882
20.4235 0.392418
20.4334 0.391955
20.4434 0.391494
20.4533 0.391034
20.4633 0.390576
20.4732 0.390119
20.4832 0.389664
20.4931 0.389211
20.5031 0.388759
20.513 0.388308
20.523 0.387859
20.5329 0.387412
20.5429 0.386965
20.5528 0.38652
20.5628 0.386076
20.5727 0.385634
20.5827 0.385192
20.5926 0.384751
20.6026 0.384311
20.6126 0.383872
20.6225 0.383434
20.6325 0.382996
20.6424 0.382559
20.6524 0.382122
20.6623 0.381687
20.6723 0.381251
20.6822 0.380816
20.6922 0.380381
20.7021 0.379947
20.7121 0.379512
20.722 0.379078
20.732 0.378644
20.7419 0.378209
20.7519 0.377775
20.7618 0.37734
20.7718 0.376906
20.7817 0.376471
20.7917 0.376035
20.8017 0.3756
20.8116 0.375163
20.8216 0.374727
20.8315 0.374289
20.8415 0.373851
20.8514 0.373413
20.8614 0.372974
20.8713 0.372535
20.8813 0.372095
20.8912 0.371654
20.9012 0.371213
20.9111 0.370771
20.9211 0.370329
20.931 0.369887
20.941 0.369443
20.9509 0.369
20.9609 0.368556
20.9708 0.368111
20.9808 0.367666
20.9907 0.36722
21.0007 0.366774
21.0107 0.366328
21.0206 0.365881
21.0306 0.365433
21.0405 0.364985
21.0505 0.364537
21.0604 0.364088
21.0704 0.363639
21.0803 0.363189
21.0903 0.362739
21.1002 0.362288
21.1102 0.361837
21.1201 0.361386
21.1301 0.360934
21.14 0.360481
21.15 0.360028
21.1599 0.359575
21.1699 0.359122
21.1798 0.358668
21.1898 0.358214
21.1997 0.357759
21.2097 0.357305
21.2197 0.35685
21.2296 0.356395
21.2396 0.35594
21.2495 0.355485
21.2595 0.35503
21.2694 0.354575
21.2794 0.35412
21.2893 0.353665
21.2993 0.353211
21.3092 0.352757
21.3192 0.352303
21.3291 0.35185
21.3391 0.351397
21.349 0.350944
21.359 0.350492
21.3689 0.350041
21.3789 0.34959
21.3888 0.34914
21.3988 0.34869
21.4088 0.348241
21.4187 0.347793
21.4287 0.347346
21.4386 0.3469
21.4486 0.346455
21.4585 0.34601
21.4685 0.345567
21.4784 0.345125
21.4884 0.344684
21.4983 0.344244
21.5083 0.343805
21.5182 0.343368
21.5282 0.342931
21.5381 0.342496
21.5481 0.342063
21.558 0.34163
21.568 0.341198
21.5779 0.340767
21.5879 0.340337
21.5978 0.339908
21.6078 0.33948
21.6178 0.339053
21.6277 0.338627
21.6377 0.338201
21.6476 0.337776
21.6576 0.337352
21.6675 0.336928
21.6775 0.336505
21.6874 0.336082
21.6974 0.33566
21.7073 0.335238
21.7173 0.334817
21.7272 0.334396
21.7372 0.333975
21.7471 0.333555
21.7571 0.333135
21.767 0.332715
21.777 0.332295
21.7869 0.331875
21.7969 0.331455
21.8069 0.331035
21.8168 0.330615
21.8268 0.330195
21.8367 0.329775
21.8467 0.329355
21.8566 0.328935
21.8666 0.328514
21.8765 0.328093
21.8865 0.327672
21.8964 0.32725
21.9064 0.326828
21.9163 0.326406
21.9263 0.325984
21.9362 0.325562
21.9462 0.32514
21.9561 0.324717
21.9661 0.324295
21.976 0.323872
21.986 0.32345
21.9959 0.323027
22.0059 0.322604
22.0159 0.322182
22.0258 0.321759
22.0358 0.321337
22.0457 0.320915
22.0557 0.320492
22.0656 0.32007
22.0756 0.319649
22.0855 0.319227
22.0955 0.318806
22.1054 0.318385
22.1154 0.317964
22.1253 0.317543
22.1353 0.317123
22.1452 0.316703
22.1552 0.316284
22.1651 0.315865
22.1751 0.315446
22.185 0.315028
22.195 0.31461
22.205 0.314193
22.2149 0.313776
22.2249 0.31336
22.2348 0.312944
22.2448 0.312529
22.2547 0.312115
22.2647 0.311701
22.2746 0.311287
22.2846 0.310875
22.2945 0.310462
22.3045 0.310051
22.3144 0.30964
22.3244 0.309229
22.3343 0.308819
22.3443 0.30841
22.3542 0.308001
22.3642 0.307593
22.3741 0.307185
22.3841 0.306778
22.394 0.306372
22.404 0.305966
22.414 0.305561
22.4239 0.305156
22.4339 0.304752
22.4438 0.304349
22.4538 0.303946
22.4637 0.303544
22.4737 0.303142
22.4836 0.302741
22.4936 0.302341
22.5035 0.301941
22.5135 0.301542
22.5234 0.301143
22.5334 0.300745
22.5433 0.300348
22.5533 0.299951
22.5632 0.299555
22.5732 0.29916
22.5831 0.298765
22.5931 0.29837
22.6031 0.297977
22.613 0.297584
22.623 0.297191
22.6329 0.296799
22.6429 0.296408
22.6528 0.296017
22.6628 0.295626
22.6727 0.295235
22.6827 0.294845
22.6926 0.294455
22.7026 0.294065
22.7125 0.293676
22.7225 0.293286
22.7324 0.292897
22.7424 0.292507
22.7523 0.292117
22.7623 0.291728
22.7722 0.291338
22.7822 0.290948
22.7921 0.290557
22.8021 0.290167
22.8121 0.289776
22.822 0.289385
22.832 0.288993
22.8419 0.288601
22.8519 0.288209
22.8618 0.287815
22.8718 0.287422
22.8817 0.287027
22.8917 0.286632
22.9016 0.286237
22.9116 0.28584
22.9215 0.285443
22.9315 0.285045
22.9414 0.284645
22.9514 0.284245
22.9613 0.283844
22.9713 0.283442
22.9812 0.283039
22.9912 0.282635
23.0012 0.282231
23.0111 0.281825
23.0211 0.281419
23.031 0.281013
23.041 0.280607
23.0509 0.2802
23.0609 0.279793
23.0708 0.279386
23.0808 0.27898
23.0907 0.278574
23.1007 0.278168
23.1106 0.277762
23.1206 0.277358
23.1305 0.276954
23.1405 0.276551
23.1504 0.276149
23.1604 0.275748
23.1703 0.275348
23.1803 0.27495
23.1902 0.274553
23.2002 0.274157
23.2102 0.273764
23.2201 0.273372
23.2301 0.272982
23.24 0.272594
23.25 0.272208
23.2599 0.271825
23.2699 0.271444
23.2798 0.271065
23.2898 0.27069
23.2997 0.270316
23.3097 0.269946
23.3196 0.269579
23.3296 0.269215
23.3395 0.268854
23.3495 0.268496
23.3594 0.268142
23.3694 0.267791
23.3793 0.267444
23.3893 0.267099
23.3992 0.266759
23.4092 0.266421
23.4192 0.266086
23.4291 0.265755
23.4391 0.265426
23.449 0.2651
23.459 0.264777
23.4689 0.264456
23.4789 0.264138
23.4888 0.263822
23.4988 0.263509
23.5087 0.263198
23.5187 0.26289
23.5286 0.262584
23.5386 0.262279
23.5485 0.261977
23.5585 0.261677
23.5684 0.261378
23.5784 0.261081
23.5883 0.260786
23.5983 0.260493
23.6083 0.260201
23.6182 0.25991
23.6282 0.259621
23.6381 0.259333
23.6481 0.259046
23.658 0.258761
23.668 0.258476
23.6779 0.258192
23.6879 0.257909
23.6978 0.257627
23.7078 0.257346
23.7177 0.257065
23.7277 0.256785
23.7376 0.256506
23.7476 0.256226
23.7575 0.255947
23.7675 0.255668
23.7774 0.25539
23.7874 0.255111
23.7973 0.254832
23.8073 0.254553
23.8173 0.254274
23.8272 0.253995
23.8372 0.253716
23.8471 0.253436
23.8571 0.253155
23.867 0.252874
23.877 0.252592
23.8869 0.252309
23.8969 0.252026
23.9068 0.251741
23.9168 0.251456
23.9267 0.25117
23.9367 0.250882
23.9466 0.250594
23.9566 0.250304
23.9665 0.250014
23.9765 0.249723
23.9864 0.249431
23.9964 0.249138
24.0064 0.248845
24.0163 0.24855
24.0263 0.248255
24.0362 0.24796
24.0462 0.247663
24.0561 0.247367
24.0661 0.247069
24.076 0.246771
24.086 0.246473
24.0959 0.246174
24.1059 0.245875
24.1158 0.245575
24.1258 0.245275
24.1357 0.244974
24.1457 0.244674
24.1556 0.244373
24.1656 0.244072
24.1755 0.24377
24.1855 0.243469
24.1954 0.243167
24.2054 0.242866
24.2154 0.242564
24.2253 0.242262
24.2353 0.24196
24.2452 0.241659
24.2552 0.241357
24.2651 0.241056
24.2751 0.240754
24.285 0.240453
24.295 0.240152
24.3049 0.239852
24.3149 0.239551
24.3248 0.239251
24.3348 0.238952
24.3447 0.238653
24.3547 0.238354
24.3646 0.238055
24.3746 0.237757
24.3845 0.23746
24.3945 0.237163
24.4045 0.236867
24.4144 0.236572
24.4244 0.236277
24.4343 0.235983
24.4443 0.235689
24.4542 0.235397
24.4642 0.235105
24.4741 0.234814
24.4841 0.234524
24.494 0.234234
24.504 0.233946
24.5139 0.233658
24.5239 0.233371
24.5338 0.233085
24.5438 0.2328
24.5537 0.232515
24.5637 0.232232
24.5736 0.231949
24.5836 0.231667
24.5935 0.231387
24.6035 0.231106
24.6135 0.230827
24.6234 0.230549
24.6334 0.230271
24.6433 0.229995
24.6533 0.229719
24.6632 0.229444
24.6732 0.229171
24.6831 0.228898
24.6931 0.228625
24.703 0.228354
24.713 0.228084
24.7229 0.227815
24.7329 0.227546
24.7428 0.227279
24.7528 0.227012
24.7627 0.226746
24.7727 0.226482
24.7826 0.226218
24.7926 0.225955
24.8026 0.225693
24.8125 0.225432
24.8225 0.225172
24.8324 0.224913
24.8424 0.224655
24.8523 0.224398
24.8623 0.224142
24.8722 0.223886
24.8822 0.223632
24.8921 0.223379
24.9021 0.223127
24.912 0.222875
24.922 0.222625
24.9319 0.222376
24.9419 0.222128
24.9518 0.22188
24.9618 0.221634
24.9717 0.221389
24.9817 0.221145
24.9916 0.220901
25.0016 0.220659
25.0116 0.220418
25.0215 0.220178
25.0315 0.219939
25.0414 0.219701
25.0514 0.219464
25.0613 0.219227
25.0713 0.218992
25.0812 0.218758
25.0912 0.218524
25.1011 0.218292
25.1111 0.21806
25.121 0.21783
25.131 0.2176
25.1409 0.217371
25.1509 0.217142
25.1608 0.216915
25.1708 0.216688
25.1807 0.216462
25.1907 0.216237
25.2007 0.216013
25.2106 0.215789
25.2206 0.215566
25.2305 0.215343
25.2405 0.215122
25.2504 0.214901
25.2604 0.21468
25.2703 0.21446
25.2803 0.214241
25.2902 0.214022
25.3002 0.213804
25.3101 0.213587
25.3201 0.21337
25.33 0.213153
25.34 0.212937
25.3499 0.212721
25.3599 0.212506
25.3698 0.212292
25.3798 0.212077
25.3897 0.211863
25.3997 0.21165
25.4097 0.211437
25.4196 0.211224
25.4296 0.211012
25.4395 0.210799
25.4495 0.210588
25.4594 0.210376
25.4694 0.210165
25.4793 0.209954
25.4893 0.209743
25.4992 0.209532
25.5092 0.209322
25.5191 0.209112
25.5291 0.208902
25.539 0.208692
25.549 0.208482
25.5589 0.208273
25.5689 0.208063
25.5788 0.207854
25.5888 0.207644
25.5987 0.207435
25.6087 0.207226
25.6187 0.207017
25.6286 0.206807
25.6386 0.206598
25.6485 0.206389
25.6585 0.206179
25.6684 0.20597
25.6784 0.20576
25.6883 0.205551
25.6983 0.205341
25.7082 0.205131
25.7182 0.204921
25.7281 0.204711
25.7381 0.2045
25.748 0.20429
25.758 0.204079
25.7679 0.203868
25.7779 0.203656
25.7878 0.203445
25.7978 0.203233
25.8078 0.203022
25.8177 0.20281
25.8277 0.202598
25.8376 0.202386
25.8476 0.202173
25.8575 0.201961
25.8675 0.201748
25.8774 0.201536
25.8874 0.201323
25.8973 0.20111
25.9073 0.200897
25.9172 0.200684
25.9272 0.200471
25.9371 0.200258
25.9471 0.200045
25.957 0.199832
25.967 0.199618
25.9769 0.199405
25.9869 0.199192
25.9968 0.198979
26.0068 0.198765
26.0168 0.198552
26.0267 0.198339
26.0367 0.198126
26.0466 0.197913
26.0566 0.1977
26.0665 0.197487
26.0765 0.197274
26.0864 0.197061
26.0964 0.196848
26.1063 0.196635
26.1163 0.196423
26.1262 0.19621
26.1362 0.195998
26.1461 0.195785
26.1561 0.195573
26.166 0.195361
26.176 0.195149
26.1859 0.194938
26.1959 0.194726
26.2059 0.194515
26.2158 0.194304
26.2258 0.194093
26.2357 0.193882
26.2457 0.193671
26.2556 0.193461
26.2656 0.193251
26.2755 0.193041
26.2855 0.192831
26.2954 0.192622
26.3054 0.192413
26.3153 0.192204
26.3253 0.191995
26.3352 0.191787
26.3452 0.191579
26.3551 0.191371
26.3651 0.191164
26.375 0.190957
26.385 0.19075
26.3949 0.190543
26.4049 0.190337
26.4149 0.190132
26.4248 0.189926
26.4348 0.189721
26.4447 0.189517
26.4547 0.189312
26.4646 0.189108
26.4746 0.188905
26.4845 0.188702
26.4945 0.188499
26.5044 0.188297
26.5144 0.188095
26.5243 0.187894
26.5343 0.187693
26.5442 0.187493
26.5542 0.187293
26.5641 0.187093
26.5741 0.186894
26.584 0.186695
26.594 0.186497
26.604 0.186299
26.6139 0.186102
26.6239 0.185905
26.6338 0.185709
26.6438 0.185513
26.6537 0.185318
26.6637 0.185123
26.6736 0.184929
26.6836 0.184735
26.6935 0.184541
26.7035 0.184349
26.7134 0.184156
26.7234 0.183965
26.7333 0.183773
26.7433 0.183583
26.7532 0.183393
26.7632 0.183203
26.7731 0.183014
26.7831 0.182826
26.793 0.182638
26.803 0.18245
26.813 0.182264
26.8229 0.182077
26.8329 0.181892
26.8428 0.181707
26.8528 0.181522
26.8627 0.181339
26.8727 0.181155
26.8826 0.180973
26.8926 0.180791
26.9025 0.180609
26.9125 0.180428
26.9224 0.180248
26.9324 0.180069
26.9423 0.17989
26.9523 0.179712
26.9622 0.179534
26.9722 0.179357
26.9821 0.179181
26.9921 0.179005
27.0021 0.17883
27.012 0.178656
27.022 0.178482
27.0319 0.178309
27.0419 0.178137
27.0518 0.177965
27.0618 0.177794
27.0717 0.177624
27.0817 0.177455
27.0916 0.177286
27.1016 0.177118
27.1115 0.17695
27.1215 0.176784
27.1314 0.176618
27.1414 0.176453
27.1513 0.176288
27.1613 0.176125
27.1712 0.175962
27.1812 0.175799
27.1911 0.175638
27.2011 0.175477
27.2111 0.175317
27.221 0.175158
27.231 0.175
27.2409 0.174842
27.2509 0.174685
27.2608 0.174529
27.2708 0.174374
27.2807 0.17422
27.2907 0.174066
27.3006 0.173913
27.3106 0.173761
27.3205 0.17361
27.3305 0.17346
27.3404 0.17331
27.3504 0.173161
27.3603 0.173013
27.3703 0.172865
27.3802 0.172718
27.3902 0.172572
27.4002 0.172427
27.4101 0.172282
27.4201 0.172138
27.43 0.171995
27.44 0.171852
27.4499 0.17171
27.4599 0.171569
27.4698 0.171428
27.4798 0.171288
27.4897 0.171148
27.4997 0.17101
27.5096 0.170871
27.5196 0.170734
27.5295 0.170596
27.5395 0.17046
27.5494 0.170324
27.5594 0.170188
27.5693 0.170054
27.5793 0.169919
27.5892 0.169785
27.5992 0.169652
27.6092 0.169519
27.6191 0.169387
27.6291 0.169255
27.639 0.169123
27.649 0.168993
27.6589 0.168862
27.6689 0.168732
27.6788 0.168602
27.6888 0.168473
27.6987 0.168344
27.7087 0.168216
27.7186 0.168088
27.7286 0.16796
27.7385 0.167833
27.7485 0.167706
27.7584 0.16758
27.7684 0.167454
27.7783 0.167328
27.7883 0.167203
27.7982 0.167077
27.8082 0.166953
27.8182 0.166828
27.8281 0.166704
27.8381 0.16658
27.848 0.166456
27.858 0.166333
27.8679 0.166209
27.8779 0.166086
27.8878 0.165964
27.8978 0.165841
27.9077 0.165719
27.9177 0.165597
27.9276 0.165475
27.9376 0.165353
27.9475 0.165232
27.9575 0.165111
27.9674 0.164989
27.9774 0.164868
27.9873 0.164747
27.9973 0.164627
28.0073 0.164506
28.0172 0.164385
28.0272 0.164265
28.0371 0.164145
28.0471 0.164024
28.057 0.163904
28.067 0.163784
28.0769 0.163664
28.0869 0.163544
28.0968 0.163424
28.1068 0.163304
28.1167 0.163184
28.1267 0.163064
28.1366 0.162944
28.1466 0.162824
28.1565 0.162704
28.1665 0.162584
28.1764 0.162464
28.1864 0.162343
28.1963 0.162223
28.2063 0.162103
28.2163 0.161982
28.2262 0.161862
28.2362 0.161741
28.2461 0.161621
28.2561 0.1615
28.266 0.161379
28.276 0.161258
28.2859 0.161137
28.2959 0.161015
28.3058 0.160894
28.3158 0.160772
28.3257 0.16065
28.3357 0.160528
28.3456 0.160406
28.3556 0.160283
28.3655 0.16016
28.3755 0.160037
28.3854 0.159914
28.3954 0.15979
28.4054 0.159667
28.4153 0.159543
28.4253 0.159418
28.4352 0.159294
28.4452 0.159169
28.4551 0.159043
28.4651 0.158918
28.475 0.158792
28.485 0.158666
28.4949 0.158539
28.5049 0.158412
28.5148 0.158285
28.5248 0.158157
28.5347 0.158029
28.5447 0.157901
28.5546 0.157772
28.5646 0.157643
28.5745 0.157514
28.5845 0.157384
28.5944 0.157254
28.6044 0.157124
28.6144 0.156993
28.6243 0.156862
28.6343 0.156731
28.6442 0.156599
28.6542 0.156468
28.6641 0.156336
28.6741 0.156203
28.684 0.156071
28.694 0.155938
28.7039 0.155805
28.7139 0.155671
28.7238 0.155538
28.7338 0.155404
28.7437 0.15527
28.7537 0.155136
28.7636 0.155001
28.7736 0.154867
28.7835 0.154732
28.7935 0.154597
28.8035 0.154461
28.8134 0.154326
28.8234 0.15419
28.8333 0.154054
28.8433 0.153918
28.8532 0.153782
28.8632 0.153646
28.8731 0.153509
28.8831 0.153373
28.893 0.153236
28.903 0.153099
28.9129 0.152962
28.9229 0.152825
28.9328 0.152688
28.9428 0.152551
28.9527 0.152413
28.9627 0.152276
28.9726 0.152138
28.9826 0.152
28.9925 0.151863
29.0025 0.151725
29.0125 0.151587
29.0224 0.151449
29.0324 0.151311
29.0423 0.151173
29.0523 0.151035
29.0622 0.150896
29.0722 0.150758
29.0821 0.15062
29.0921 0.150482
29.102 0.150344
29.112 0.150205
29.1219 0.150067
29.1319 0.149929
29.1418 0.149791
29.1518 0.149652
29.1617 0.149514
29.1717 0.149376
29.1816 0.149238
29.1916 0.1491
29.2016 0.148962
29.2115 0.148824
29.2215 0.148686
29.2314 0.148548
29.2414 0.14841
29.2513 0.148273
29.2613 0.148135
29.2712 0.147998
29.2812 0.14786
29.2911 0.147723
29.3011 0.147586
29.311 0.147449
29.321 0.147312
29.3309 0.147175
29.3409 0.147038
29.3508 0.146901
29.3608 0.146765
29.3707 0.146629
29.3807 0.146492
29.3906 0.146357
29.4006 0.146221
29.4106 0.146085
29.4205 0.14595
29.4305 0.145814
29.4404 0.145679
29.4504 0.145544
29.4603 0.14541
29.4703 0.145275
29.4802 0.145141
29.4902 0.145007
29.5001 0.144873
29.5101 0.14474
29.52 0.144606
29.53 0.144473
29.5399 0.14434
29.5499 0.144208
29.5598 0.144075
29.5698 0.143943
29.5797 0.143812
29.5897 0.14368
29.5996 0.143549
29.6096 0.143418
29.6196 0.143287
29.6295 0.143157
29.6395 0.143027
29.6494 0.142897
29.6594 0.142768
29.6693 0.142639
29.6793 0.14251
29.6892 0.142382
29.6992 0.142253
29.7091 0.142125
29.7191 0.141998
29.729 0.14187
29.739 0.141743
29.7489 0.141616
29.7589 0.14149
29.7688 0.141363
29.7788 0.141237
29.7887 0.141112
29.7987 0.140986
29.8087 0.140861
29.8186 0.140736
29.8286 0.140611
29.8385 0.140487
29.8485 0.140363
29.8584 0.140239
29.8684 0.140115
29.8783 0.139992
29.8883 0.139868
29.8982 0.139746
29.9082 0.139623
29.9181 0.1395
29.9281 0.139378
29.938 0.139256
29.948 0.139135
29.9579 0.139013
29.9679 0.138892
29.9778 0.138771
29.9878 0.13865
29.9977 0.13853
30.0077 0.138409
30.0177 0.138289
30.0276 0.13817
30.0376 0.13805
30.0475 0.13793
30.0575 0.137811
30.0674 0.137692
30.0774 0.137574
30.0873 0.137455
30.0973 0.137337
30.1072 0.137219
30.1172 0.137101
30.1271 0.136983
30.1371 0.136865
30.147 0.136748
30.157 0.136631
30.1669 0.136514
30.1769 0.136397
30.1868 0.136281
30.1968 0.136165
30.2068 0.136048
30.2167 0.135932
30.2267 0.135817
30.2366 0.135701
30.2466 0.135586
30.2565 0.13547
30.2665 0.135355
30.2764 0.135241
30.2864 0.135126
30.2963 0.135011
30.3063 0.134897
30.3162 0.134783
30.3262 0.134669
30.3361 0.134555
30.3461 0.134441
30.356 0.134328
30.366 0.134214
30.3759 0.134101
30.3859 0.133988
30.3958 0.133875
30.4058 0.133762
30.4158 0.13365
30.4257 0.133537
30.4357 0.133425
30.4456 0.133313
30.4556 0.133201
30.4655 0.133089
30.4755 0.132977
30.4854 0.132866
30.4954 0.132754
30.5053 0.132643
30.5153 0.132532
30.5252 0.13242
30.5352 0.132309
30.5451 0.132199
30.5551 0.132088
30.565 0.131977
30.575 0.131867
30.5849 0.131757
30.5949 0.131646
30.6049 0.131536
30.6148 0.131426
30.6248 0.131316
30.6347 0.131206
30.6447 0.131097
30.6546 0.130987
30.6646 0.130878
30.6745 0.130768
30.6845 0.130659
30.6944 0.13055
30.7044 0.130441
30.7143 0.130332
30.7243 0.130223
30.7342 0.130114
30.7442 0.130005
30.7541 0.129896
30.7641 0.129788
30.774 0.129679
30.784 0.129571
30.7939 0.129463
30.8039 0.129354
30.8139 0.129246
30.8238 0.129138
30.8338 0.12903
30.8437 0.128922
30.8537 0.128814
30.8636 0.128706
30.8736 0.128598
30.8835 0.128491
30.8935 0.128383
30.9034 0.128275
30.9134 0.128168
30.9233 0.12806
30.9333 0.127953
30.9432 0.127846
30.9532 0.127738
30.9631 0.127631
30.9731 0.127524
30.983 0.127417
30.993 0.12731
31.003 0.127203
31.0129 0.127096
31.0229 0.126989
31.0328 0.126883
31.0428 0.126776
31.0527 0.12667
31.0627 0.126563
31.0726 0.126457
31.0826 0.12635
31.0925 0.126244
31.1025 0.126138
31.1124 0.126032
31.1224 0.125926
31.1323 0.12582
31.1423 0.125714
31.1522 0.125608
31.1622 0.125502
31.1721 0.125396
31.1821 0.125291
31.192 0.125185
31.202 0.12508
31.212 0.124975
31.2219 0.124869
31.2319 0.124764
31.2418 0.124659
31.2518 0.124554
31.2617 0.124449
31.2717 0.124344
31.2816 0.124239
31.2916 0.124135
31.3015 0.12403
31.3115 0.123925
31.3214 0.123821
31.3314 0.123717
31.3413 0.123612
31.3513 0.123508
31.3612 0.123404
31.3712 0.1233
31.3811 0.123196
31.3911 0.123092
31.4011 0.122988
31.411 0.122885
31.421 0.122781
31.4309 0.122678
31.4409 0.122574
31.4508 0.122471
31.4608 0.122368
31.4707 0.122264
31.4807 0.122161
31.4906 0.122058
31.5006 0.121956
31.5105 0.121853
31.5205 0.12175
31.5304 0.121648
31.5404 0.121545
31.5503 0.121443
31.5603 0.12134
31.5702 0.121238
31.5802 0.121136
31.5901 0.121034
31.6001 0.120932
31.6101 0.12083
31.62 0.120729
31.63 0.120627
31.6399 0.120525
31.6499 0.120424
31.6598 0.120323
31.6698 0.120221
31.6797 0.12012
31.6897 0.120019
31.6996 0.119918
31.7096 0.119818
31.7195 0.119717
31.7295 0.119616
31.7394 0.119516
31.7494 0.119415
31.7593 0.119315
31.7693 0.119215
31.7792 0.119115
31.7892 0.119015
31.7991 0.118915
31.8091 0.118815
31.8191 0.118715
31.829 0.118616
31.839 0.118516
31.8489 0.118417
31.8589 0.118318
31.8688 0.118219
31.8788 0.11812
31.8887 0.118021
31.8987 0.117922
31.9086 0.117823
31.9186 0.117725
31.9285 0.117626
31.9385 0.117528
31.9484 0.11743
31.9584 0.117331
31.9683 0.117233
31.9783 0.117135
31.9882 0.117038
31.9982 0.11694
32.0082 0.116842
32.0181 0.116745
32.0281 0.116648
32.038 0.11655
32.048 0.116453
32.0579 0.116356
32.0679 0.11626
32.0778 0.116163
32.0878 0.116066
32.0977 0.11597
32.1077 0.115873
32.1176 0.115777
32.1276 0.115681
32.1375 0.115585
32.1475 0.115489
32.1574 0.115393
32.1674 0.115298
32.1773 0.115202
32.1873 0.115107
32.1972 0.115011
32.2072 0.114916
32.2172 0.114821
32.2271 0.114726
32.2371 0.114632
32.247 0.114537
32.257 0.114442
32.2669 0.114348
32.2769 0.114254
32.2868 0.11416
32.2968 0.114066
32.3067 0.113972
32.3167 0.113878
32.3266 0.113784
32.3366 0.113691
32.3465 0.113597
32.3565 0.113504
32.3664 0.113411
32.3764 0.113318
32.3863 0.113225
32.3963 0.113132
32.4063 0.11304
32.4162 0.112947
32.4262 0.112855
32.4361 0.112763
32.4461 0.112671
32.456 0.112579
32.466 0.112487
32.4759 0.112395
32.4859 0.112304
32.4958 0.112212
32.5058 0.112121
32.5157 0.112029
32.5257 0.111938
32.5356 0.111847
32.5456 0.111756
32.5555 0.111666
32.5655 0.111575
32.5754 0.111485
32.5854 0.111394
32.5953 0.111304
32.6053 0.111214
32.6153 0.111124
32.6252 0.111034
32.6352 0.110944
32.6451 0.110854
32.6551 0.110764
32.665 0.110675
32.675 0.110586
32.6849 0.110496
32.6949 0.110407
32.7048 0.110318
32.7148 0.110229
32.7247 0.11014
32.7347 0.110052
32.7446 0.109963
32.7546 0.109875
32.7645 0.109786
32.7745 0.109698
32.7844 0.10961
32.7944 0.109522
32.8044 0.109434
32.8143 0.109346
32.8243 0.109258
32.8342 0.10917
32.8442 0.109083
32.8541 0.108996
32.8641 0.108908
32.874 0.108821
32.884 0.108734
32.8939 0.108647
32.9039 0.10856
32.9138 0.108473
32.9238 0.108386
32.9337 0.1083
32.9437 0.108213
32.9536 0.108127
32.9636 0.108041
32.9735 0.107954
32.9835 0.107868
32.9934 0.107782
33.0034 0.107696
33.0134 0.10761
33.0233 0.107525
33.0333 0.107439
33.0432 0.107353
33.0532 0.107268
33.0631 0.107183
33.0731 0.107097
33.083 0.107012
33.093 0.106927
33.1029 0.106842
33.1129 0.106757
33.1228 0.106672
33.1328 0.106588
33.1427 0.106503
33.1527 0.106419
33.1626 0.106334
33.1726 0.10625
33.1825 0.106165
33.1925 0.106081
33.2025 0.105997
33.2124 0.105913
33.2224 0.105829
33.2323 0.105745
33.2423 0.105662
33.2522 0.105578
33.2622 0.105494
33.2721 0.105411
33.2821 0.105327
33.292 0.105244
33.302 0.105161
33.3119 0.105078
33.3219 0.104994
33.3318 0.104911
33.3418 0.104829
33.3517 0.104746
33.3617 0.104663
33.3716 0.10458
33.3816 0.104498
33.3915 0.104415
33.4015 0.104332
33.4115 0.10425
33.4214 0.104168
33.4314 0.104086
33.4413 0.104003
33.4513 0.103921
33.4612 0.103839
33.4712 0.103757
33.4811 0.103675
33.4911 0.103594
33.501 0.103512
33.511 0.10343
33.5209 0.103349
33.5309 0.103267
33.5408 0.103186
33.5508 0.103104
33.5607 0.103023
33.5707 0.102942
33.5806 0.102861
33.5906 0.102779
33.6006 0.102698
33.6105 0.102617
33.6205 0.102536
33.6304 0.102456
33.6404 0.102375
33.6503 0.102294
33.6603 0.102213
33.6702 0.102133
33.6802 0.102052
33.6901 0.101972
33.7001 0.101891
33.71 0.101811
33.72 0.101731
33.7299 0.101651
33.7399 0.10157
33.7498 0.10149
33.7598 0.10141
33.7697 0.10133
33.7797 0.10125
33.7896 0.101171
33.7996 0.101091
33.8096 0.101011
33.8195 0.100931
33.8295 0.100852
33.8394 0.100772
33.8494 0.100693
33.8593 0.100613
33.8693 0.100534
33.8792 0.100454
33.8892 0.100375
33.8991 0.100296
33.9091 0.100216
33.919 0.100137
33.929 0.100058
33.9389 0.0999791
33.9489 0.0999001
33.9588 0.0998211
33.9688 0.0997422
33.9787 0.0996633
33.9887 0.0995845
33.9986 0.0995057
34.0086 0.099427
34.0186 0.0993483
34.0285 0.0992696
34.0385 0.099191
34.0484 0.0991125
34.0584 0.099034
34.0683 0.0989555
34.0783 0.0988771
34.0882 0.0987987
34.0982 0.0987204
34.1081 0.0986421
34.1181 0.0985639
34.128 0.0984857
34.138 0.0984076
34.1479 0.0983295
34.1579 0.0982514
34.1678 0.0981734
34.1778 0.0980954
34.1877 0.0980175
34.1977 0.0979397
34.2077 0.0978619
34.2176 0.0977841
34.2276 0.0977064
34.2375 0.0976287
34.2475 0.0975511
34.2574 0.0974735
34.2674 0.097396
34.2773 0.0973185
34.2873 0.0972411
34.2972 0.0971637
34.3072 0.0970864
34.3171 0.0970091
34.3271 0.0969319
34.337 0.0968547
34.347 0.0967776
34.3569 0.0967005
34.3669 0.0966235
34.3768 0.0965465
34.3868 0.0964696
34.3967 0.0963927
34.4067 0.0963159
34.4167 0.0962392
34.4266 0.0961625
34.4366 0.0960858
34.4465 0.0960092
34.4565 0.0959327
34.4664 0.0958562
34.4764 0.0957797
34.4863 0.0957033
34.4963 0.095627
34.5062 0.0955507
34.5162 0.0954745
34.5261 0.0953983
34.5361 0.0953222
34.546 0.0952462
34.556 0.0951702
34.5659 0.0950942
34.5759 0.0950183
34.5858 0.0949425
34.5958 0.0948667
34.6058 0.094791
34.6157 0.0947153
34.6257 0.0946397
34.6356 0.0945642
34.6456 0.0944887
34.6555 0.0944133
34.6655 0.0943379
34.6754 0.0942626
34.6854 0.0941873
34.6953 0.0941121
34.7053 0.094037
34.7152 0.0939619
34.7252 0.0938869
34.7351 0.0938119
34.7451 0.093737
34.755 0.0936622
34.765 0.0935874
34.7749 0.0935127
34.7849 0.093438
34.7948 0.0933634
34.8048 0.0932889
34.8148 0.0932144
34.8247 0.09314
34.8347 0.0930656
34.8446 0.0929913
34.8546 0.0929171
34.8645 0.092843
34.8745 0.0927689
34.8844 0.0926948
34.8944 0.0926208
34.9043 0.0925469
34.9143 0.0924731
34.9242 0.0923993
34.9342 0.0923256
34.9441 0.0922519
34.9541 0.0921784
34.964 0.0921048
34.974 0.0920314
34.9839 0.091958
34.9939 0.0918846
35.0039 0.0918114
35.0138 0.0917382
35.0238 0.0916651
35.0337 0.091592
35.0437 0.091519
35.0536 0.0914461
35.0636 0.0913732
35.0735 0.0913004
35.0835 0.0912277
35.0934 0.091155
35.1034 0.0910824
35.1133 0.0910099
35.1233 0.0909375
35.1332 0.0908651
35.1432 0.0907928
35.1531 0.0907205
35.1631 0.0906484
35.173 0.0905762
35.183 0.0905042
35.1929 0.0904322
35.2029 0.0903603
35.2129 0.0902885
35.2228 0.0902168
35.2328 0.0901451
35.2427 0.0900735
35.2527 0.0900019
35.2626 0.0899305
35.2726 0.0898591
35.2825 0.0897877
35.2925 0.0897165
35.3024 0.0896453
35.3124 0.0895742
35.3223 0.0895032
35.3323 0.0894322
35.3422 0.0893613
35.3522 0.0892905
35.3621 0.0892198
35.3721 0.0891491
35.382 0.0890785
35.392 0.089008
35.402 0.0889376
35.4119 0.0888672
35.4219 0.0887969
35.4318 0.0887267
35.4418 0.0886566
35.4517 0.0885865
35.4617 0.0885165
35.4716 0.0884466
35.4816 0.0883768
35.4915 0.088307
35.5015 0.0882374
35.5114 0.0881678
35.5214 0.0880982
35.5313 0.0880288
35.5413 0.0879594
35.5512 0.0878901
35.5612 0.0878209
35.5711 0.0877518
35.5811 0.0876828
35.591 0.0876138
35.601 0.0875449
35.611 0.0874761
35.6209 0.0874074
35.6309 0.0873387
35.6408 0.0872701
35.6508 0.0872016
35.6607 0.0871332
35.6707 0.0870649
35.6806 0.0869967
35.6906 0.0869285
35.7005 0.0868604
35.7105 0.0867924
35.7204 0.0867245
35.7304 0.0866566
35.7403 0.0865889
35.7503 0.0865212
35.7602 0.0864536
35.7702 0.0863861
35.7801 0.0863187
35.7901 0.0862514
35.8001 0.0861841
35.81 0.0861169
35.82 0.0860499
35.8299 0.0859829
35.8399 0.085916
35.8498 0.0858491
35.8598 0.0857824
35.8697 0.0857157
35.8797 0.0856491
35.8896 0.0855827
35.8996 0.0855163
35.9095 0.0854499
35.9195 0.0853837
35.9294 0.0853176
35.9394 0.0852515
35.9493 0.0851856
35.9593 0.0851197
35.9692 0.0850539
35.9792 0.0849882
35.9891 0.0849226
35.9991 0.0848571
36.0091 0.0847916
36.019 0.0847263
36.029 0.084661
36.0389 0.0845959
36.0489 0.0845308
36.0588 0.0844658
36.0688 0.0844009
36.0787 0.0843361
36.0887 0.0842714
36.0986 0.0842067
36.1086 0.0841422
36.1185 0.0840778
36.1285 0.0840134
36.1384 0.0839491
36.1484 0.0838849
36.1583 0.0838208
36.1683 0.0837568
36.1782 0.0836929
36.1882 0.0836291
36.1981 0.0835653
36.2081 0.0835017
36.2181 0.0834381
36.228 0.0833746
36.238 0.0833112
36.2479 0.0832479
36.2579 0.0831847
36.2678 0.0831215
36.2778 0.0830585
36.2877 0.0829955
36.2977 0.0829326
36.3076 0.0828698
36.3176 0.0828071
36.3275 0.0827445
36.3375 0.0826819
36.3474 0.0826195
36.3574 0.0825571
36.3673 0.0824948
36.3773 0.0824326
36.3872 0.0823705
36.3972 0.0823084
36.4072 0.0822465
36.4171 0.0821846
36.4271 0.0821228
36.437 0.0820611
36.447 0.0819994
36.4569 0.0819379
36.4669 0.0818764
36.4768 0.081815
36.4868 0.0817537
36.4967 0.0816925
36.5067 0.0816314
36.5166 0.0815703
36.5266 0.0815093
36.5365 0.0814484
36.5465 0.0813876
36.5564 0.0813268
36.5664 0.0812662
36.5763 0.0812056
36.5863 0.0811451
36.5962 0.0810846
36.6062 0.0810243
36.6162 0.080964
36.6261 0.0809038
36.6361 0.0808437
36.646 0.0807837
36.656 0.0807237
36.6659 0.0806638
36.6759 0.080604
36.6858 0.0805443
36.6958 0.0804846
36.7057 0.080425
36.7157 0.0803655
36.7256 0.0803061
36.7356 0.0802468
36.7455 0.0801875
36.7555 0.0801283
36.7654 0.0800692
36.7754 0.0800101
36.7853 0.0799511
36.7953 0.0798922
36.8053 0.0798334
36.8152 0.0797747
36.8252 0.079716
36.8351 0.0796574
36.8451 0.0795989
36.855 0.0795404
36.865 0.079482
36.8749 0.0794237
36.8849 0.0793655
36.8948 0.0793073
36.9048 0.0792492
36.9147 0.0791912
36.9247 0.0791332
36.9346 0.0790753
36.9446 0.0790175
36.9545 0.0789598
36.9645 0.0789021
36.9744 0.0788445
36.9844 0.078787
36.9943 0.0787295
37.0043 0.0786721
37.0143 0.0786148
37.0242 0.0785576
37.0342 0.0785004
37.0441 0.0784433
37.0541 0.0783862
37.064 0.0783293
37.074 0.0782724
37.0839 0.0782155
37.0939 0.0781588
37.1038 0.0781021
37.1138 0.0780454
37.1237 0.0779889
37.1337 0.0779324
37.1436 0.0778759
37.1536 0.0778196
37.1635 0.0777633
37.1735 0.077707
37.1834 0.0776509
37.1934 0.0775948
37.2034 0.0775387
37.2133 0.0774828
37.2233 0.0774269
37.2332 0.077371
37.2432 0.0773153
37.2531 0.0772595
37.2631 0.0772039
37.273 0.0771483
37.283 0.0770928
37.2929 0.0770374
37.3029 0.076982
37.3128 0.0769266
37.3228 0.0768714
37.3327 0.0768162
37.3427 0.076761
37.3526 0.076706
37.3626 0.0766509
37.3725 0.076596
37.3825 0.0765411
37.3924 0.0764863
37.4024 0.0764315
37.4124 0.0763768
37.4223 0.0763222
37.4323 0.0762676
37.4422 0.076213
37.4522 0.0761586
37.4621 0.0761042
37.4721 0.0760498
37.482 0.0759956
37.492 0.0759413
37.5019 0.0758872
37.5119 0.0758331
37.5218 0.075779
37.5318 0.075725
37.5417 0.0756711
37.5517 0.0756172
37.5616 0.0755634
37.5716 0.0755096
37.5815 0.0754559
37.5915 0.0754023
37.6015 0.0753487
37.6114 0.0752952
37.6214 0.0752417
37.6313 0.0751883
37.6413 0.0751349
37.6512 0.0750816
37.6612 0.0750284
37.6711 0.0749752
37.6811 0.0749221
37.691 0.074869
37.701 0.0748159
37.7109 0.074763
37.7209 0.0747101
37.7308 0.0746572
37.7408 0.0746044
37.7507 0.0745516
37.7607 0.0744989
37.7706 0.0744463
37.7806 0.0743937
37.7905 0.0743411
37.8005 0.0742886
37.8105 0.0742362
37.8204 0.0741838
37.8304 0.0741315
37.8403 0.0740792
37.8503 0.074027
37.8602 0.0739748
37.8702 0.0739227
37.8801 0.0738706
37.8901 0.0738186
37.9 0.0737666
37.91 0.0737147
37.9199 0.0736628
37.9299 0.073611
37.9398 0.0735592
37.9498 0.0735075
37.9597 0.0734558
37.9697 0.0734042
37.9796 0.0733526
37.9896 0.0733011
37.9995 0.0732496
38.0095 0.0731981
38.0195 0.0731468
38.0294 0.0730954
38.0394 0.0730441
38.0493 0.0729929
38.0593 0.0729417
38.0692 0.0728906
38.0792 0.0728395
38.0891 0.0727884
38.0991 0.0727374
38.109 0.0726864
38.119 0.0726355
38.1289 0.0725846
38.1389 0.0725338
38.1488 0.072483
38.1588 0.0724323
38.1687 0.0723816
38.1787 0.072331
38.1886 0.0722804
38.1986 0.0722298
38.2086 0.0721793
38.2185 0.0721288
38.2285 0.0720784
38.2384 0.072028
38.2484 0.0719777
38.2583 0.0719274
38.2683 0.0718771
38.2782 0.0718269
38.2882 0.0717768
38.2981 0.0717266
38.3081 0.0716765
38.318 0.0716265
38.328 0.0715765
38.3379 0.0715265
38.3479 0.0714766
38.3578 0.0714267
38.3678 0.0713769
38.3777 0.0713271
38.3877 0.0712773
38.3976 0.0712276
38.4076 0.0711779
38.4176 0.0711283
38.4275 0.0710787
38.4375 0.0710292
38.4474 0.0709796
38.4574 0.0709302
38.4673 0.0708807
38.4773 0.0708313
38.4872 0.070782
38.4972 0.0707326
38.5071 0.0706833
38.5171 0.0706341
38.527 0.0705849
38.537 0.0705357
38.5469 0.0704866
38.5569 0.0704375
38.5668 0.0703884
38.5768 0.0703394
38.5867 0.0702904
38.5967 0.0702415
38.6067 0.0701926
38.6166 0.0701437
38.6266 0.0700948
38.6365 0.070046
38.6465 0.0699973
38.6564 0.0699485
38.6664 0.0698998
38.6763 0.0698512
38.6863 0.0698025
38.6962 0.069754
38.7062 0.0697054
38.7161 0.0696569
38.7261 0.0696084
38.736 0.0695599
38.746 0.0695115
38.7559 0.0694631
38.7659 0.0694148
38.7758 0.0693665
38.7858 0.0693182
38.7957 0.0692699
38.8057 0.0692217
38.8157 0.0691735
38.8256 0.0691254
38.8356 0.0690772
38.8455 0.0690292
38.8555 0.0689811
38.8654 0.0689331
38.8754 0.0688851
38.8853 0.0688371
38.8953 0.0687892
38.9052 0.0687413
38.9152 0.0686934
38.9251 0.0686456
38.9351 0.0685978
38.945 0.06855
38.955 0.0685023
38.9649 0.0684546
38.9749 0.0684069
38.9848 0.0683592
38.9948 0.0683116
39.0048 0.068264
39.0147 0.0682164
39.0247 0.0681689
39.0346 0.0681214
39.0446 0.0680739
39.0545 0.0680265
39.0645 0.067979
39.0744 0.0679316
39.0844 0.0678843
39.0943 0.0678369
39.1043 0.0677896
39.1142 0.0677423
39.1242 0.0676951
39.1341 0.0676479
39.1441 0.0676007
39.154 0.0675535
39.164 0.0675063
39.1739 0.0674592
39.1839 0.0674121
39.1938 0.0673651
39.2038 0.067318
39.2138 0.067271
39.2237 0.067224
39.2337 0.067177
39.2436 0.0671301
39.2536 0.0670832
39.2635 0.0670363
39.2735 0.0669894
39.2834 0.0669426
39.2934 0.0668958
39.3033 0.066849
39.3133 0.0668022
39.3232 0.0667555
39.3332 0.0667088
39.3431 0.0666621
39.3531 0.0666154
39.363 0.0665687
39.373 0.0665221
39.3829 0.0664755
39.3929 0.0664289
39.4029 0.0663824
39.4128 0.0663358
39.4228 0.0662893
39.4327 0.0662428
39.4427 0.0661964
39.4526 0.0661499
39.4626 0.0661035
39.4725 0.0660571
39.4825 0.0660107
39.4924 0.0659643
39.5024 0.065918
39.5123 0.0658717
39.5223 0.0658253
39.5322 0.0657791
39.5422 0.0657328
39.5521 0.0656866
39.5621 0.0656403
39.572 0.0655941
39.582 0.0655479
39.5919 0.0655018
39.6019 0.0654556
39.6119 0.0654095
39.6218 0.0653634
39.6318 0.0653173
39.6417 0.0652712
39.6517 0.0652252
39.6616 0.0651791
39.6716 0.0651331
39.6815 0.0650871
39.6915 0.0650411
39.7014 0.0649952
39.7114 0.0649492
39.7213 0.0649033
39.7313 0.0648574
39.7412 0.0648115
39.7512 0.0647656
39.7611 0.0647197
39.7711 0.0646739
39.781 0.064628
39.791 0.0645822
39.801 0.0645364
39.8109 0.0644906
39.8209 0.0644448
39.8308 0.0643991
39.8408 0.0643533
39.8507 0.0643076
39.8607 0.0642619
39.8706 0.0642162
39.8806 0.0641705
39.8905 0.0641248
39.9005 0.0640792
39.9104 0.0640335
39.9204 0.0639879
39.9303 0.0639423
39.9403 0.0638967
39.9502 0.0638511
39.9602 0.0638055
39.9701 0.0637599
39.9801 0.0637144
39.99 0.0636688
40 0.0636233
